°F	15	20	25	30	35	40	45	50	55	60	65	70	75	80	90	100	105	kPa
640	260	295	345	365	395	430	465	500	510	550	570	580	591	591	591	591	591
768	310	343	380	415	450	490	515	535	575	605	639	643	643	643	643	643	643
992	360	380	430	465	493	530	557	569	608	630	655	685	715	725	725	725	725
1152	400	440	480	503	531	565	590	605	630	656	676	700	710	730	740	740	740
1312	445	485	540	570	585	605	625	638	650	680	700	705	725	735	756	756	756
1664	500	535	600	619	635	661	680	695	710	725	733	765	765	765	790	805	815
1984	541	590	640	665	675	701	714	716	740	750	760	780	790	795	825	872	872
2464	615	655	700	715	727	742	762	775	800	808	822	827	855	860	860	900	910
2880	637	710	724	751	767	775	799	810	816	830	842	857	875	885	890	900	910
3392	705	725	742	758	775	793	798	830	852	870	883	885	895	900	905	925	925
3840	735	755	766	777	785	800	820	850	867	885	900	905	920	923	925	955	960
4320	755	775	795	808	815	828	860	878	895	915	921	928	935	936	945	962	970
4800	770	785	802	807	835	847	860	885	907	925	922	932	942	945	955	970	980
5216	805	800	817	835	845	860	875	900	920	930	930	945	951	955	965	980	995
5632	830	820	850	845	855	870	885	910	926	940	943	955	965	961	980	992	1000
6016	850	850	850	860	868	885	900	920	935	945	950	965	971	975	985	1000	1012
6208	870	862	865	860	869	895	905	925	940	950	960	970	983	975	995	1007	1015
rpm