lb·ft	640	768	992	1152	1312	1664	1984	2464	2880	3392	3840	4320	4800	5216	5632	6016	6208	rpm
0	1.648451403634688	0.9182648758501955	1.1690360066044656	1.2427922215321923	1.3460509224310093	1.7222076185624147	1.8918469128961857	2.467145389332453	2.762170249043359	3.2637125105518994	3.8168841225098484	4.325802005511162	5.32151090703547	5.815677547051237	6.604869046777912	7.253923738141906	7.718587892186582
7.3756214927726536	1.8475931839395496	2.0688618287227296	2.0688618287227296	1.995105613795003	1.9213493988672763	2.1131155576793654	2.548277225752952	2.717916520086723	3.0645707302470377	3.632493585190532	4.222543304612344	4.982232318367927	5.749296953616284	6.354097916023641	7.0695332008225895	7.7923441071143085	8.21275453220235
14.751242985545307	2.2163742585781825	2.142618043650456	2.142618043650456	2.5851553332168153	2.245876744549273	2.415516038883044	2.6220334406806787	2.998190136812084	3.3890980759290343	4.2446701690906625	4.672456215671477	5.609160145253604	6.641747154241775	6.929396392459908	7.622704812780539	8.411896312507212	8.817555494609708
29.502485971090614	2.57040409023127	2.548277225752952	2.5113991182890887	2.57040409023127	2.7105408985939503	3.0350682442759473	3.2858393750302173	3.743127907582122	4.215167683119572	4.967481075382382	5.705043224659648	6.641747154241775	7.674334163229946	8.242257018173442	8.957692302972388	9.872269368076196	10.300055414657011
44.253728956635925	2.6589115481445416	3.8980159589303476	3.691498557132713	3.691498557132713	3.8390109869881663	4.1266602252063	4.303675141032843	4.886349238961883	5.3952671219631965	6.1844586216898705	6.995776985894862	8.116871452796307	8.706921172218118	9.798513153148471	10.624582760339008	11.635042904848861	12.121833923371856
59.00497194218123	2.806423977999995	5.535403930325876	6.641747154241775	7.224421252170814	6.730254612155047	6.258214836617596	6.125453649747689	6.590117803792366	7.0990356867936795	7.814470971592628	8.618413714304847	9.547742022394202	10.595080274367918	11.620291661863316	12.60124932040208	13.678090058346887	14.246012913290382
73.75621492772655	2.806423977999995	7.010528228880408	9.591995751350836	9.96077682598947	10.329557900628103	9.99027931196056	9.193712190741113	9.04619976088566	9.473985807466475	9.968152447482241	10.639334003324555	11.568662311413908	12.667629913837034	13.766597516260157	14.895067604654376	15.986659585584729	16.6135874124704
88.50745791327185	2.806423977999995	7.010528228880408	9.591995751350836	9.96077682598947	10.329557900628103	13.648587572375796	13.928861189101157	12.424234404575534	12.697132399808124	12.756137371750306	13.147045310867256	14.017368647014427	15.10158500645201	16.26693320231009	17.49128637011035	18.55337586506961	19.187679313448058
110.6343223915898	2.806423977999995	7.010528228880408	9.591995751350836	9.96077682598947	10.329557900628103	13.648587572375796	14.017368647014427	14.754930796291694	16.230055094846225	18.39111219222861	17.963326145647798	18.627132079997338	19.475328551666195	20.780813555886954	21.96828861622335	22.845987573863297	23.33277859238629
lb·ft