°	768	960	1152	1408	1664	2064	2464	2928	3392	3856	4320	4768	5216	5616	6016	6112	6208	rpm
575	14	10.5	7	6	5	4	3	2.5	1.5	1	0.5	0.5	0	0	0	0	0
660	14.5	11.5	9	8	7	6	4.5	3.5	3	2	1.5	1	1	0.5	0.5	0.5	0
745	14.5	13	11	10	9	7.5	6	5	4	3.5	2.5	2	1.5	1.5	1	0.5	0
830	15	13.5	12	11	10	9	7.5	6.5	5.5	4.5	3.5	3	2.5	2	1.5	1	0.5
915	15	14	12.5	12	11	10	9	8	6.5	5.5	4.5	4	3	2.5	2	1.5	1
1000	15.5	14	13	12.5	11.5	10.5	10	9	8	7	6	5	4	3.5	3	2.5	2
1085	15.5	14.5	13.5	13	12	11.5	10.5	10	9	8	7	6	5	4.5	4	3.5	3
1128	16	15	14	13	12.5	12	11	10.5	9.5	8.5	8	7	6	5.5	5	4.5	4
1170	16	15	14	13.5	13	12.5	11.5	11	10	9.5	8.5	7.5	6.5	6	5.5	5	4.5
1213	16.5	15.5	14.5	14	13.5	13	12	11.5	10.5	10	9.5	8.5	7.5	7	6.5	6	5.5
1255	16.5	16	15	14.5	14	13.5	12.5	12	11	10.5	10	9	8	7.5	7	6.5	6
1298	17	16	15.5	15	14.5	14	13	12.5	11.5	11	10.5	9.5	8.5	8	7.5	7	6.5
1340	17	16.5	16	15.5	15	14.5	13.5	13	12	11.5	11	10	9	8.5	8	7.5	7
1383	17.5	17	16.5	16	15.5	15	14	13.5	12.5	12	11.5	10.5	9.5	9	8.5	8	7.5
1425	17.5	17.5	17	16.5	16	15.5	14.5	14	13	12.5	12	11	10	9.5	9	8.5	8
1463	18	17.5	17.5	17	16.5	15.5	15	14	13.5	13	12.5	11.5	10.5	10	9.5	9	8.5
1500	18	18	17.5	17	16.5	16	15	14.5	13.5	13	12.5	11.5	10.5	10	9.5	9	8.5
mg