1: slip -> unlock	255	220	220	220	220	220	220	220	220	200
1: unlock -> slip	310	220	220	220	220	220	230	230	250	350
1: slip -> lock	350	250	250	250	250	250	250	250	270	370
1: lock -> overlock	10000	10000	10000	10000	10000	10000	10000	10000	10000	10000
2: slip -> unlock	430	245	245	245	245	245	245	245	245	245
2: unlock -> slip	565	350	350	350	350	460	460	460	460	450
2: slip -> lock	615	450	370	370	370	480	480	480	480	470
2: lock -> overlock	10000	10000	10000	10000	10000	10000	10000	10000	10000	10000
3: slip -> unlock	555	390	390	390	390	390	390	390	390	390
3: unlock -> slip	730	523	410	410	410	410	410	410	410	410
3: slip -> lock	952	952	952	952	570	570	570	570	570	570
3: lock -> overlock	10000	10000	10000	10000	10000	10000	10000	10000	10000	10000
4: slip -> unlock	630	493	493	493	493	493	493	493	493	493
4: unlock -> slip	730	588	520	520	520	520	520	520	520	520
4: slip -> lock	1197	1197	1197	1197	750	750	750	750	750	680
4: lock -> overlock	10000	10000	10000	10000	10000	10000	10000	10000	10000	10000
5: slip -> unlock	545	640	640	680	780	780	780	780	780	725
5: unlock -> slip	815	815	815	815	815	815	815	815	815	775
5: slip -> lock	1550	1550	1550	1550	825	825	825	825	825	825
5: lock -> overlock	10000	10000	10000	10000	10000	10000	10000	10000	10000	10000
6: slip -> unlock	850	850	850	900	980	980	980	980	980	880
6: unlock -> slip	1050	1050	1050	1050	1050	1050	1050	1050	1050	900
6: slip -> lock	1800	1800	1800	1800	1070	1070	1070	1070	1070	950
6: lock -> overlock	10000	10000	10000	10000	10000	10000	10000	10000	10000	10000
7: slip -> unlock	1024	1024	1024	1050	1175	1175	1175	1175	1175	1100
7: unlock -> slip	1225	1225	1225	1225	1225	1225	1225	1225	1225	1175
7: slip -> lock	1245	1245	1245	1245	1245	1245	1245	1245	1245	1200
7: lock -> overlock	10000	10000	10000	10000	10000	10000	10000	10000	10000	10000
8: slip -> unlock	1267	1267	1267	1325	1450	1450	1450	1450	1450	1200
8: unlock -> slip	1475	1475	1475	1475	1475	1475	1475	1475	1475	1225
8: slip -> lock	1495	1495	1495	1495	1495	1495	1495	1495	1495	1250
8: lock -> overlock	10000	10000	10000	10000	10000	10000	10000	10000	10000	10000
9: slip -> unlock	10000	10000	10000	10000	10000	10000	10000	10000	10000	10000
9: unlock -> slip	10000	10000	10000	10000	10000	10000	10000	10000	10000	10000
9: slip -> lock	10000	10000	10000	10000	10000	10000	10000	10000	10000	10000
9: lock -> overlock	10000	10000	10000	10000	10000	10000	10000	10000	10000	10000
10: slip -> unlock	10000	10000	10000	10000	10000	10000	10000	10000	10000	10000
10: unlock -> slip	10000	10000	10000	10000	10000	10000	10000	10000	10000	10000
10: slip -> lock	10000	10000	10000	10000	10000	10000	10000	10000	10000	10000
10: lock -> overlock	10000	10000	10000	10000	10000	10000	10000	10000	9075	9074	9083
